    0:00.777      199     (    0    0    0
    0:00.863      221     p    0    0    0
    0:00.883      226     )    0    0    0
    0:01.004      257     (    0    0    1
    0:01.035      265     N    0    0    0
    0:01.125      288     )    0    0    1
    0:01.285      329     (    0    0    2
    0:01.316      337     t    0    0    0
    0:01.355      347     )    0    0    2
    0:01.598      409     (    0    0    0
    0:01.676      429     p    0    0    0
    0:01.750      448     )    0    0    0
    0:01.785      457     (    0    0    1
    0:01.844      472     N    0    0    0
    0:01.883      482     )    0    0    1
    0:02.398      614     (    0    0    0
    0:02.434      623     p    0    0    0
    0:02.465      631     )    0    0    0
    0:02.609      668     (    0    0    1
    0:02.680      686     N    0    0    0
    0:02.785      713     )    0    0    1
    0:03.211      822     (    0    0    0
    0:03.297      844     p    0    0    0
    0:03.352      858     )    0    0    0
    0:03.367      862     (    0    0    1
    0:03.434      879     N    0    0    0
    0:03.555      910     )    0    0    1
    0:04.012     1027     (    0    0    0
    0:04.086     1046     p    0    0    0
    0:04.152     1063     )    0    0    0
    0:04.184     1071     (    0    0    1
    0:04.238     1085     N    0    0    0
    0:04.281     1096     )    0    0    1
    0:04.777     1223     (    0    0    0
    0:04.855     1243     p    0    0    0
    0:04.949     1267     )    0    0    0
    0:04.961     1270     (    0    0    1
    0:05.012     1283     N    0    0    0
    0:05.129     1313     )    0    0    1
    0:05.465     1399     (    0    0    0
    0:05.551     1421     p    0    0    0
    0:05.641     1444     )    0    0    0
    0:05.664     1450     (    0    0    1
    0:05.773     1478     N    0    0    0
    0:05.898     1510     )    0    0    1
    0:06.387     1635     (    0    0    0
    0:06.426     1645     p    0    0    0
    0:06.449     1651     )    0    0    0
    0:06.543     1675     (    0    0    1
    0:06.566     1681     N    0    0    0
    0:06.707     1717     )    0    0    1
    0:06.820     1746     (    0    0    2
    0:06.902     1767     t    0    0    0
    0:07.012     1795     )    0    0    2
    0:07.035     1801     (    0    0    0
    0:07.066     1809     p    0    0    0
    0:07.102     1818     )    0    0    0
    0:07.211     1846     (    0    0    1
    0:07.273     1862     N    0    0    0
    0:07.297     1868     )    0    0    1
    0:07.863     2013     (    0    0    0
    0:07.898     2022     p    0    0    0
    0:07.926     2029     )    0    0    0
    0:07.973     2041     (    0    0    1
    0:08.047     2060     N    0    0    0
    0:08.082     2069     )    0    0    1
    0:08.121     2079     (    0    0    2
    0:08.258     2114     t    0    0    0
    0:08.352     2138     )    0    0    2
    0:08.691     2225     (    0    0    0
    0:08.727     2234     p    0    0    0
    0:08.762     2243     )    0    0    0
    0:08.840     2263     (    0    0    1
    0:08.891     2276     N    0    0    0
    0:08.949     2291     )    0    0    1
    0:09.098     2329     (    0    0    2
    0:09.148     2342     t    0    0    1
    0:09.180     2350     )    0    0    2
    0:09.457     2421     (    0    0    0
    0:09.520     2437     p    0    0    0
    0:09.563     2448     )    0    0    0
    0:09.613     2461     (    0    0    1
    0:09.660     2473     N    0    0    0
    0:09.863     2525     )    0    0    1
    0:09.949     2547     (    0    0    2
    0:09.992     2558     t    0    0    1
    0:10.051     2573     )    0    0    2
    0:10.188     2608     (    0    0    0
    0:10.250     2624     p    0    0    0
    0:10.344     2648     )    0    0    0
    0:10.402     2663     (    0    0    1
    0:10.504     2689     N    0    0    0
    0:10.605     2715     )    0    0    1
    0:11.180     2862     (    0    0    0
    0:11.250     2880     p    0    0    0
    0:11.289     2890     )    0    0    0
    0:11.328     2900     (    0    0    1
    0:11.375     2912     N    0    0    0
    0:11.520     2949     )    0    0    1
    0:11.992     3070     (    0    0    0
    0:12.016     3076     p    0    0    0
    0:12.047     3084     )    0    0    0
    0:12.105     3099     (    0    0    1
    0:12.168     3115     N    0    0    0
    0:12.195     3122     )    0    0    1
    0:12.730     3259     (    0    0    0
    0:12.801     3277     p    0    0    0
    0:12.879     3297     )    0    0    0
    0:12.906     3304     (    0    0    1
    0:12.965     3319     N    0    0    0
    0:13.008     3330     )    0    0    1
    0:13.230     3387     (    0    0    2
    0:13.262     3395     t    0    0    0
    0:13.289     3402     )    0    0    2
    0:13.438     3440     (    0    0    0
    0:13.531     3464     p    0    0    0
    0:13.570     3474     )    0    0    0
    0:13.637     3491     (    0    0    1
    0:13.699     3507     N    0    0    0
    0:13.867     3550     )    0    0    1
    0:14.039     3594     (    0    0    2
    0:14.113     3613     t    0    0    0
    0:14.207     3637     )    0    0    2
    0:14.223     3641     (    0    0    0
    0:14.324     3667     p    0    0    0
    0:14.371     3679     )    0    0    0
    0:14.391     3684     (    0    0    1
    0:14.438     3696     N    0    0    0
    0:14.566     3729     )    0    0    1
    0:14.949     3827     (    0    0    0
    0:15.000     3840     p    0    0    0
    0:15.063     3856     )    0    0    0
    0:15.074     3859     (    0    0    1
    0:15.156     3880     N    0    0    0
    0:15.266     3908     )    0    0    1
    0:15.418     3947     (    0    0    2
    0:15.449     3955     t    0    0    0
    0:15.488     3965     )    0    0    2
    0:15.688     4016     (    0    0    0
    0:15.762     4035     p    0    0    0
    0:15.801     4045     )    0    0    0
    0:15.848     4057     (    0    0    1
    0:15.891     4068     N    0    0    0
    0:16.027     4103     )    0    0    1
    0:16.324     4179     (    0    0    0
    0:16.398     4198     p    0    0    0
    0:16.445     4210     )    0    0    0
    0:16.543     4235     (    0    0    1
    0:16.605     4251     N    0    0    0
    0:16.664     4266     )    0    0    1
    0:17.172     4396     (    0    0    0
    0:17.254     4417     p    0    0    0
    0:17.332     4437     )    0    0    0
    0:17.363     4445     (    0    0    1
    0:17.422     4460     N    0    0    0
    0:17.484     4476     )    0    0    1
    0:17.891     4580     (    0    0    0
    0:17.969     4600     p    0    0    0
    0:18.047     4620     )    0    0    0
    0:18.098     4633     (    0    0    1
    0:18.176     4653     N    0    0    0
    0:18.340     4695     )    0    0    1
    0:18.879     4833     (    0    0    0
    0:18.910     4841     p    0    0    0
    0:18.941     4849     )    0    0    0
    0:18.984     4860     (    0    0    1
    0:19.031     4872     N    0    0    0
    0:19.066     4881     )    0    0    1
    0:19.293     4939     (    0    0    2
    0:19.320     4946     t    0    0    0
    0:19.344     4952     )    0    0    2
    0:19.680     5038     (    0    0    0
    0:19.730     5051     p    0    0    0
    0:19.785     5065     )    0    0    0
    0:19.828     5076     (    0    0    1
    0:19.852     5082     N    0    0    0
    0:19.965     5111     )    0    0    1
    0:20.508     5250     (    0    0    0
    0:20.543     5259     p    0    0    0
    0:20.582     5269     )    0    0    0
    0:20.625     5280     (    0    0    1
    0:20.680     5294     N    0    0    0
    0:20.715     5303     )    0    0    1
    0:20.754     5313     (    0    0    2
    0:20.887     5347     t    0    0    0
    0:21.043     5387     )    0    0    2
    0:21.281     5448     (    0    0    0
    0:21.352     5466     p    0    0    0
    0:21.422     5484     )    0    0    0
    0:21.434     5487     (    0    0    1
    0:21.484     5500     N    0    0    0
    0:21.613     5533     )    0    0    1
    0:21.695     5554     (    0    0    2
    0:21.746     5567     t    0    0    1
    0:21.773     5574     )    0    0    2
    0:21.969     5624     (    0    0    0
    0:22.004     5633     p    0    0    0
    0:22.039     5642     )    0    0    0
    0:22.164     5674     (    0    0    1
    0:22.184     5679     N    0    0    0
    0:22.402     5735     )    0    0    1
    0:22.629     5793     (    0    0    0
    0:22.707     5813     p    0    0    0
    0:22.773     5830     )    0    0    0
    0:22.844     5848     (    0    0    1
    0:22.902     5863     N    0    0    0
    0:23.027     5895     )    0    0    1
    0:23.160     5929     (    0    0    2
    0:23.188     5936     t    0    0    0
    0:23.215     5943     )    0    0    2
    0:23.449     6003     (    0    0    0
    0:23.508     6018     p    0    0    0
    0:23.547     6028     )    0    0    0
    0:23.566     6033     (    0    0    1
    0:23.625     6048     N    0    0    0
    0:23.664     6058     )    0    0    1
    0:24.070     6162     (    0    0    0
    0:24.145     6181     p    0    0    0
    0:24.215     6199     )    0    0    0
    0:24.309     6223     (    0    0    1
    0:24.355     6235     N    0    0    0
    0:24.484     6268     )    0    0    1
    0:24.633     6306     (    0    0    2
    0:24.684     6319     t    0    0    1
    0:24.723     6329     )    0    0    2
    0:24.828     6356     (    0    0    0
    0:24.879     6369     p    0    0    0
    0:24.930     6382     )    0    0    0
    0:25.023     6406     (    0    0    1
    0:25.125     6432     N    0    0    0
    0:25.156     6440     )    0    0    1
    0:25.324     6483     (    0    0    2
    0:25.371     6495     t    0    0    1
    0:25.410     6505     )    0    0    2
    0:25.707     6581     (    0    0    0
    0:25.813     6608     p    0    0    0
    0:25.875     6624     )    0    0    0
    0:25.891     6628     (    0    0    1
    0:25.934     6639     N    0    0    0
    0:25.938     6640     (    0    0    0
    0:26.016     6660     p    0    0    0
    0:26.063     6672     )    0    0    1
    0:26.117     6686     )    0    0    0
    0:26.137     6691     (    0    0    1
    0:26.246     6719     N    0    0    0
    0:26.367     6750     )    0    0    1
    0:26.395     6757     (    0    0    0
    0:26.465     6775     p    0    0    0
    0:26.563     6800     )    0    0    0
    0:26.602     6810     (    0    0    1
    0:26.688     6832     N    0    0    0
    0:26.711     6838     )    0    0    1
    0:26.809     6863     (    0    0    2
    0:26.934     6895     t    0    0    1
    0:27.066     6929     )    0    0    2
    0:27.367     7006     (    0    0    0
    0:27.414     7018     p    0    0    0
    0:27.453     7028     )    0    0    0
    0:27.480     7035     (    0    0    1
    0:27.531     7048     N    0    0    0
    0:27.645     7077     )    0    0    1
    0:28.113     7197     (    0    0    0
    0:28.215     7223     p    0    0    0
    0:28.262     7235     )    0    0    0
    0:28.289     7242     (    0    0    1
    0:28.332     7253     N    0    0    0
    0:28.445     7282     )    0    0    1
    0:29.063     7440     (    0    0    1
    0:29.148     7462     N    0    0    0
    0:29.184     7471     )    0    0    1
    0:29.414     7530     (    0    0    2
    0:29.445     7538     t    0    0    0
    0:29.477     7546     )    0    0    2
    0:29.699     7603     (    0    0    0
    0:29.801     7629     p    0    0    0
    0:29.871     7647     )    0    0    0
    0:29.906     7656     (    0    0    1
    0:29.926     7661     N    0    0    0
    0:30.063     7696     )    0    0    1
    0:30.152     7719     (    0    0    2
    0:30.191     7729     t    0    0    1
    0:30.215     7735     )    0    0    2
    0:30.449     7795     (    0    0    0
    0:30.500     7808     p    0    0    0
    0:30.539     7818     )    0    0    0
    0:30.570     7826     (    0    0    1
    0:30.625     7840     N    0    0    0
    0:30.734     7868     )    0    0    1
    0:30.926     7917     (    0    0    2
    0:30.957     7925     t    0    0    1
    0:31.004     7937     )    0    0    2
    0:31.121     7967     (    0    0    0
    0:31.207     7989     p    0    0    0
    0:31.242     7998     )    0    0    0
    0:31.305     8014     (    0    0    1
    0:31.332     8021     N    0    0    0
    0:31.465     8055     )    0    0    1
    0:31.805     8142     (    0    0    0
    0:31.844     8152     p    0    0    0
    0:31.883     8162     )    0    0    0
    0:31.988     8189     (    0    0    1
    0:32.008     8194     N    0    0    0
    0:32.152     8231     )    0    0    1
    0:32.277     8263     (    0    0    2
    0:32.375     8288     t    0    0    0
    0:32.418     8299     )    0    0    2
    0:32.504     8321     (    0    0    0
    0:32.598     8345     p    0    0    0
    0:32.648     8358     )    0    0    0
    0:32.684     8367     (    0    0    1
    0:32.738     8381     N    0    0    0
    0:32.770     8389     )    0    0    1
    0:33.031     8456     (    0    0    2
    0:33.051     8461     t    0    0    1
    0:33.082     8469     )    0    0    2
    0:33.512     8579     (    0    0    0
    0:33.559     8591     p    0    0    0
    0:33.586     8598     )    0    0    0
    0:33.633     8610     (    0    0    1
    0:33.660     8617     N    0    0    0
    0:33.785     8649     )    0    0    1
    0:34.176     8749     (    0    0    0
    0:34.266     8772     p    0    0    0
    0:34.305     8782     )    0    0    0
    0:34.383     8802     (    0    0    1
    0:34.441     8817     N    0    0    0
    0:34.473     8825     )    0    0    1
