   n  posicion pa  intervalo  valor    posicion mw  intervalo   valor       retar  n    posi-qrs  paciente = filebuf

   frecuencia de muestreo = 256

     1           74             92        6.561            82            197       10.000            8        1            63
     2          166            316        5.005           279            211        3.070          113        2           265
     3          482            142        4.899           490            210        6.963            8        3           472
     4          624             63        3.495           700            195        9.042           76        4           686
     5          687            349        8.159           895            208        4.391          208        5           879
     6         1036             60        2.239          1103            197        7.282           67        6          1085
     7         1096            149        2.957          1300            194        4.311          204        7          1283
     8         1245            242        2.995          1494            200        7.245          249        8          1478
     9         1487            230        3.169          1694            186        8.936          207        9          1681
    10         1717            353        5.755          1880            198        4.458          163       10          1862
    11         2070            257        4.564          2078            211       10.647            8       11          2060
    12         2327            372        3.677          2289            201        7.939          -38       12          2276
    13         2699            251        4.251          2490            217        3.119         -209       13          2473
    14         2950            380        4.775          2707            218        7.717         -243       14          2689
    15         3330            109        3.931          2925            206        8.470         -405       15          2912
    16         3439             74        4.682          3131            206        5.477         -308       16          3115
    17         3513            190        3.519          3337            189        8.145         -176       17          3319
    18         3703            185        4.126          3526            186        4.825         -177       18          3507
    19         3888            216        3.677          3712            186        7.857         -176       19          3696
    20         4104            366        4.559          3898            188        5.975         -206       20          3880
    21         4470            103        3.494          4086            183        8.540         -384       21          4068
    22         4573            154        3.386          4269            209        5.046         -304       22          4251
    23         4727            155        1.760          4478            194        7.004         -249       23          4460
    24         4882            207        3.007          4672            217        3.452         -210       24          4653
    25         5089            215        4.927          4889            211        6.112         -200       25          4872
    26         5304            230        3.204          5100            212        8.105         -204       26          5082
    27         5534             68        9.413          5312            207        6.737         -222       27          5294
    28         5602             84        4.721          5519            178       15.527          -83       28          5500
    29         5686            106        2.609          5697            183        4.686           11       29          5679
    30         5792            267        2.237          5880            186        3.794           88       30          5863
    31         6059             92        2.670          6066            187        4.521            7       31          6048
    32         6151             91        3.542          6253            192        6.595          102       32          6235
    33         6242            265        4.207          6445            213        4.509          203       33          6432
    34         6507            139        3.009          6658            192       11.725          151       34          6639
    35         6646             94        4.127          6850            217        4.317          204       35          6719
    36         6740            319        6.163          7067            201        6.126          327       36          6832
    37         7059            166        3.215          7268            212        4.696          209       37          7048
    38         7225            314        4.449          7480            200        5.569          255       38          7253
    39         7539            158        3.862          7680            178        8.275          141       39          7462
    40         7697             66        4.983          7858            181        4.560          161       40          7661
    41         7763            339        4.105          8039            173        8.269          276       41          7840
    42         8102            288        6.912          8212            184        6.359          110       42          8021
    43         8390            237        2.238          8396            240        4.958            6       43          8194
    44         8627            120        4.973          8636            201        9.842            9       44          8381
    45         8747          -8747        4.817          8837            119        4.276           90       45          8617
    46            0              0        0.000          8956          -8956        0.392         8956       46          8817
 RMAX =       1.000   Factor d'escala senyal
 PA_RMAX =    4578.326   Factor d'escala senyal    passa_alt
 PB_RMAX =     130.661   Factor d'escala senyal    passa_baix
