   n  posicion  filebuf

   frecuencia de muestreo = 256
     posicion en milisegundos

     1            246.
     2           1035.
     3           1843.
     4           2679.
     5           3433.
     6           4238.
     7           5011.
     8           5773.
     9           6566.
    10           7273.
    11           8046.
    12           8890.
    13           9660.
    14          10503.
    15          11375.
    16          12167.
    17          12964.
    18          13699.
    19          14437.
    20          15156.
    21          15890.
    22          16605.
    23          17421.
    24          18175.
    25          19031.
    26          19851.
    27          20679.
    28          21484.
    29          22183.
    30          22902.
    31          23625.
    32          24355.
    33          25125.
    34          25933.
    35          26246.
    36          26687.
    37          27531.
    38          28332.
    39          29148.
    40          29925.
    41          30625.
    42          31332.
    43          32007.
    44          32738.
    45          33660.
    46          34441.
    47          34933.
 RMAX =       1.000   Factor d'escala senyal
 PA_RMAX =    4578.326   Factor d'escala senyal   passa_alt
 PB_RMAX =     130.661   Factor d'escala senyal   passa_baix
