383021140441	70
383021140697	70
383021140953	70
383021141209	70
383021141465	70
383021141721	70
383021141977	70
383021142233	70
383021142489	70
383021142745	70
383021143001	70
383021143257	77
383021143513	76
383021143769	73
383021144025	72
383021144281	71
383021144537	70
383021144793	69
383021145049	69
383021145305	64
383021145561	63
383021145817	64
383021146073	64
383021146329	64
383021146585	64
383021146841	64
383021147097	63
383021147353	63
383021147609	64
383021147865	65
383021148121	66
383021148377	67
383021148633	68
383021148889	69
383021149145	70
383021149401	70
383021149657	69
383021149913	69
383021150169	70
383021150425	72
383021150681	74
383021150937	75
383021151193	76
383021151449	76
383021151705	77
383021151961	77
383021152217	77
383021152473	76
383021152729	78
383021152985	78
383021153241	78
383021153497	77
383021153753	77
383021154009	76
383021154265	75
383021154521	74
383021154777	71
383021155033	70
383021155289	69
383021155545	69
383021155801	68
383021156057	68
383021156313	67
383021156569	67
383021156825	68
383021157081	67
383021157337	67
383021157593	67
383021157849	66
383021158105	66
383021158361	66
383021158617	67
383021158873	68
383021159129	68
383021159385	69
383021159641	69
383021159897	71
383021160153	71
383021160409	71
383021160665	72
383021160921	73
383021161177	73
383021161433	72
383021161689	72
383021161945	73
383021162201	75
383021162457	75
383021162713	76
383021162969	76
383021163225	77
383021163481	77
383021163737	78
383021163993	77
383021164249	77
383021164505	80
383021164761	81
383021165017	80
383021165273	79
383021165529	79
383021165785	80
383021166041	80
383021166297	79
383021166553	78
383021166809	78
383021167065	79
383021167321	79
383021167577	80
383021167833	80
383021168089	81
383021168345	82
383021168601	82
383021168857	82
383021169113	82
383021169369	82
383021169625	82
383021169881	81
383021170137	81
383021170393	81
383021170649	80
383021170905	79
383021171161	78
383021171417	78
383021171673	77
383021171929	74
383021172185	74
383021172441	74
383021172697	73
383021172953	73
383021173209	72
383021173465	72
383021173721	72
383021173977	71
383021174233	72
383021174489	72
383021174745	72
383021175001	70
383021175257	69
383021175513	68
383021175769	69
383021176025	70
383021176281	70
383021176537	72
383021176793	73
383021177049	72
383021177305	72
383021177561	72
383021177817	72
383021178073	72
383021178329	72
383021178585	72
383021178841	72
383021179097	71
383021179353	71
383021179609	72
383021179865	73
383021180121	73
383021180377	72
383021180633	74
383021180889	71
383021181145	70
383021181401	70
383021181657	70
383021181913	71
383021182169	71
383021182425	70
383021182681	70
383021182937	71
383021183193	71
383021183449	71
383021183705	70
383021183961	70
383021184217	68
383021184473	69
383021184729	69
383021184985	69
383021185241	69
383021185497	68
383021185753	67
383021186009	67
383021186265	66
383021186521	66
383021186777	66
383021187033	66
383021187289	67
383021187545	66
383021187801	66
383021188057	65
383021188313	65
383021188569	66
383021188825	67
383021189081	68
383021189337	69
383021189593	69
383021189849	69
383021190105	69
383021190361	69
383021190617	69
383021190873	68
383021191129	69
383021191385	69
383021191641	69
383021191897	70
383021192153	70
383021192409	70
383021192665	70
383021192921	69
383021193177	69
383021193433	68
383021193689	69
383021193945	70
383021194201	71
383021194457	72
383021194713	71
383021194969	72
383021195225	72
383021195481	72
383021195737	74
383021195993	75
383021196249	75
383021196505	76
383021196761	75
383021197017	74
383021197273	74
383021197529	73
383021197785	73
383021198041	73
383021198297	73
383021198553	73
383021198809	73
383021199065	73
383021199321	74
383021199577	74
383021199833	74
383021200089	75
383021200345	76
383021200601	77
383021200857	78
383021201113	79
383021201369	80
383021201625	81
383021201881	80
383021202137	79
383021202393	79
383021202649	79
383021202905	80
383021203161	82
383021203417	83
383021203673	84
383021203929	85
383021204185	85
383021204441	85
383021204697	87
383021204953	89
383021205209	90
383021205465	91
383021205721	91
383021205977	91
383021206233	90
383021206489	90
383021206745	89
383021207001	88
383021207257	89
383021207513	88
383021207769	87
383021208025	86
383021208281	86
383021208537	85
383021208793	85
383021209049	83
383021209305	83
383021209561	83
383021209817	82
383021210073	80
383021210329	78
383021210585	77
383021210841	77
383021211097	76
383021211353	75
383021211609	73
383021211865	72
383021212121	73
383021212377	74
383021212633	74
383021212889	74
383021213145	74
383021213401	74
383021213657	74
383021213913	74
383021214169	76
383021214425	77
383021214681	78
383021214937	77
383021215193	77
383021215449	76
383021215705	77
383021215961	76
383021216217	75
383021216473	76
383021216729	76
383021216985	75
383021217241	75
383021217497	76
383021217753	76
383021218009	77
383021218265	77
383021218521	77
383021218777	76
383021219033	75
383021219289	74
383021219545	73
383021219801	74
383021220057	75
383021220313	76
383021220569	77
383021220825	78
383021221081	78
383021221337	78
383021221593	79
383021221849	80
383021222105	81
383021222361	84
383021222617	84
383021222873	83
383021223129	83
383021223385	80
383021223641	78
383021223897	77
383021224153	75
383021224409	74
383021224665	73
383021224921	74
383021225177	74
383021225433	75
383021225689	74
383021225945	73
383021226201	72
383021226457	71
383021226713	71
383021226969	72
383021227225	74
383021227481	77
383021227737	79
383021227993	79
383021228249	78
383021228505	78
383021228761	77
383021229017	79
383021229273	80
383021229529	83
383021229785	82
383021230041	82
383021230297	81
383021230553	81
383021230809	80
383021231065	80
383021231321	80
383021231577	80
383021231833	79
383021232089	79
383021232345	78
383021232601	78
383021232857	80
383021233113	80
383021233369	80
383021233625	80
383021233881	80
383021234137	78
383021234393	77
383021234649	77
383021234905	78
383021235161	79
383021235417	79
383021235673	79
383021235929	79
383021236185	79
383021236441	78
383021236697	78
383021236953	77
383021237209	77
383021237465	76
383021237721	76
383021237977	78
383021238233	80
383021238489	80
383021238745	79
383021239001	78
383021239257	77
383021239513	78
383021239769	78
383021240025	79
383021240281	79
383021240537	79
383021240793	78
383021241049	79
383021241305	78
383021241561	76
383021241817	75
383021242073	74
383021242329	73
383021242585	73
383021242841	72
383021243097	71
383021243353	71
383021243609	70
383021243865	69
383021244121	68
383021244377	67
383021244633	66
383021244889	65
383021245145	64
383021245401	64
383021245657	65
383021245913	65
383021246169	65
383021246425	64
383021246681	64
383021246937	63
383021247193	63
383021247449	62
383021247705	62
383021247961	63
383021248217	63
383021248473	64
383021248729	63
383021248985	63
383021249241	62
383021249497	62
383021249753	61
383021250009	61
383021250265	61
383021250521	61
383021250777	62
383021251033	62
383021251289	63
383021251545	63
383021251801	63
383021252057	62
383021252313	61
383021252569	60
383021252825	60
383021253081	60
383021253337	60
383021253593	60
383021253849	60
383021254105	62
383021254361	62
383021254617	61
383021254873	60
383021255129	59
383021255385	58
383021255641	58
383021255897	57
383021256153	58
383021256409	58
383021256665	58
383021256921	58
383021257177	58
383021257433	59
383021257689	59
383021257945	58
383021258201	58
383021258457	57
383021258713	57
383021258969	57
383021259225	57
383021259481	58
383021259737	59
383021259993	60
383021260249	61
383021260505	61
383021260761	62
383021261017	62
383021261273	62
383021261529	63
383021261785	63
383021262041	63
383021262297	64
383021262553	64
383021262809	64
383021263065	64
383021263321	64
383021263577	63
383021263833	62
383021264089	62
383021264345	61
383021264601	60
383021264857	59
383021265113	59
383021265369	60
383021265625	58
383021265881	58
383021266137	58
383021266393	58
383021266649	58
383021266905	58
383021267161	58
383021267417	58
383021267673	58
383021267929	58
383021268185	58
383021268441	58
383021268697	58
383021268953	58
383021269209	58
383021269465	57
383021269721	56
383021269977	56
383021270233	56
383021270489	56
383021270745	56
383021271001	57
383021271257	57
383021271513	58
383021271769	58
383021272025	58
383021272281	61
383021272537	62
383021272793	64
383021273049	64
383021273305	65
383021273561	65
383021273817	68
383021274073	69
383021274329	69
383021274585	67
383021274841	67
383021275097	65
383021275353	64
383021275609	62
383021275865	61
383021276121	61
383021276377	58
383021276633	56
383021276889	55
383021277145	54
383021277401	54
383021277657	53
383021277913	52
383021278169	53
383021278425	53
383021278681	53
383021278937	53
383021279193	53
383021279449	53
383021279705	55
383021279961	55
383021280217	55
383021280473	55
383021280729	54
383021280985	55
383021281241	55
383021281497	55
383021281753	56
383021282009	56
383021282265	56
383021282521	57
383021282777	58
383021283033	58
383021283289	58
383021283545	58
383021283801	57
383021284057	57
383021284313	57
383021284569	58
383021284825	59
383021285081	59
383021285337	59
383021285593	60
383021285849	60
383021286105	60
383021286361	60
383021286617	60
383021286873	60
383021287129	60
383021287385	59
383021287641	60
383021287897	60
383021288153	60
383021288409	60
383021288665	60
383021288921	59
383021289177	58
383021289433	58
383021289689	58
383021289945	58
383021290201	58
383021290457	58
383021290713	58
383021290969	58
383021291225	57
383021291481	57
383021291737	57
383021291993	57
383021292249	57
383021292505	56
383021292761	56
383021293017	56
383021293273	56
383021293529	56
383021293785	56
383021294041	57
383021294297	56
383021294553	57
383021294809	57
383021295065	57
383021295321	57
383021295577	57
383021295833	57
383021296089	58
383021296345	58
383021296601	59
383021296857	60
383021297113	60
383021297369	61
383021297625	61
383021297881	60
383021298137	60
383021298393	60
383021298649	60
383021298905	59
383021299161	60
383021299417	60
383021299673	60
383021299929	60
383021300185	60
383021300441	60
383021300697	59
383021300953	59
383021301209	58
383021301465	58
383021301721	58
383021301977	59
383021302233	59
383021302489	59
383021302745	59
383021303001	59
383021303257	59
383021303513	59
383021303769	59
383021304025	59
383021304281	59
383021304537	59
383021304793	59
383021305049	60
383021305305	60
383021305561	60
383021305817	60
383021306073	59
383021306329	59
383021306585	59
383021306841	59
383021307097	60
383021307353	60
383021307609	60
383021307865	60
383021308121	60
383021308377	60
383021308633	60
383021308889	60
383021309145	60
383021309401	59
383021309657	59
383021309913	59
383021310169	59
383021310425	59
383021310681	58
383021310937	58
383021311193	58
383021311449	58
383021311705	58
383021311961	59
383021312217	59
383021312473	59
383021312729	58
383021312985	58
383021313241	58
383021313497	57
383021313753	58
383021314009	58
383021314265	58
383021314521	59
383021314777	59
383021315033	60
383021315289	60
383021315545	60
383021315801	60
383021316057	59
383021316313	59
383021316569	59
383021316825	59
383021317081	58
383021317337	59
383021317593	59
383021317849	60
383021318105	60
383021318361	61
383021318617	60
383021318873	60
383021319129	60
383021319385	60
383021319641	60
383021319897	60
383021320153	60
383021320409	60
383021320665	60
383021320921	61
383021321177	61
383021321433	61
383021321689	60
383021321945	60
383021322201	59
383021322457	59
383021322713	59
383021322969	59
383021323225	59
383021323481	58
383021323737	58
383021323993	58
383021324249	58
383021324505	58
383021324761	58
383021325017	58
383021325273	58
383021325529	58
383021325785	58
383021326041	58
383021326297	58
383021326553	58
383021326809	58
383021327065	58
383021327321	58
383021327577	58
383021327833	58
383021328089	58
383021328345	59
383021328601	59
383021328857	60
383021329113	60
383021329369	59
383021329625	59
383021329881	59
383021330137	59
383021330393	60
383021330649	60
383021330905	61
383021331161	61
383021331417	62
383021331673	62
383021331929	62
383021332185	61
383021332441	61
383021332697	60
383021332953	60
383021333209	60
383021333465	60
383021333721	60
383021333977	60
383021334233	60
383021334489	59
383021334745	59
383021335001	58
383021335257	58
383021335513	57
383021335769	57
383021336025	57
383021336281	57
383021336537	57
383021336793	57
383021337049	57
383021337305	57
383021337561	57
383021337817	57
383021338073	57
383021338329	57
383021338585	57
383021338841	56
383021339097	56
383021339353	57
383021339609	57
383021339865	57
383021340121	57
383021340377	57
383021340633	57
383021340889	58
383021341145	58
383021341401	58
383021341657	58
383021341913	58
383021342169	59
383021342425	59
383021342681	59
383021342937	60
383021343193	60
383021343449	61
383021343705	62
383021343961	63
383021344217	63
383021344473	63
383021344729	63
383021344985	63
383021345241	63
383021345497	63
383021345753	64
383021346009	64
383021346265	65
383021346521	66
383021346777	65
383021347033	65
383021347289	64
383021347545	63
383021347801	62
383021348057	61
383021348313	61
383021348569	61
383021348825	62
383021349081	62
383021349337	62
383021349593	62
383021349849	62
383021350105	62
383021350361	62
383021350617	62
383021350873	63
383021351129	63
383021351385	64
383021351641	64
383021351897	65
383021352153	66
383021352409	67
383021352665	70
383021352921	68
383021353177	66
383021353433	64
383021353689	63
383021353945	62
383021354201	61
383021354457	61
383021354713	59
383021354969	57
383021355225	56
383021355481	56
383021355737	57
383021355993	57
383021356249	57
383021356505	57
383021356761	57
383021357017	57
383021357273	56
383021357529	56
383021357785	56
383021358041	56
383021358297	56
383021358553	56
383021358809	56
383021359065	57
383021359321	57
383021359577	57
383021359833	57
383021360089	57
383021360345	57
383021360601	56
383021360857	57
383021361113	57
383021361369	57
383021361625	57
383021361881	57
383021362137	57
383021362393	58
383021362649	57
383021362905	57
383021363161	57
383021363417	57
383021363673	58
383021363929	58
383021364185	59
383021364441	59
383021364697	59
383021364953	59
383021365209	60
383021365465	61
383021365721	61
383021365977	62
383021366233	62
383021366489	62
383021366745	62
383021367001	62
383021367257	62
383021367513	62
383021367769	61
383021368025	61
383021368281	61
383021368537	61
383021368793	61
383021369049	61
383021369305	61
383021369561	61
383021369817	62
383021370073	62
383021370329	61
383021370585	63
383021370841	64
383021371097	65
383021371353	66
383021371609	68
383021371865	69
383021372121	70
383021372377	70
383021372633	70
383021372889	70
383021373145	71
383021373401	71
383021373657	72
383021373913	71
383021374169	72
383021374425	71
383021374681	70
383021374937	68
383021375193	66
383021375449	65
383021375705	63
383021375961	62
383021376217	58
383021376473	58
383021376729	58
383021376985	57
383021377241	58
383021377497	58
383021377753	58
383021378009	58
383021378265	57
383021378521	57
383021378777	57
383021379033	57
383021379289	57
383021379545	57
383021379801	57
383021380057	57
383021380313	56
383021380569	57
383021380825	57
383021381081	58
383021381337	58
383021381593	58
383021381849	57
383021382105	58
383021382361	58
383021382617	58
383021382873	58
383021383129	58
383021383385	59
383021383641	60
383021383897	61
383021384153	61
383021384409	61
383021384665	60
383021384921	60
383021385177	60
383021385433	60
383021385689	60
383021385945	61
383021386201	61
383021386457	63
383021386713	64
383021386969	64
383021387225	65
383021387481	65
383021387737	67
383021387993	68
383021388249	69
383021388505	69
383021388761	69
383021389017	69
383021389273	69
