383021140489	1
383021140701	2
383021143681	3
383021143761	4
383021144405	5
383021146893	6
383021147241	7
383021151409	8
383021152917	9
383021195429	10
383021195973	11
383021196465	12
383021196697	13
383021196973	14
383021197481	15
383021197897	16
383021198689	17
383021200053	18
383021200209	19
383021200381	20
383021201045	21
383021201189	22
383021201349	23
383021201481	24
383021201621	25
383021201757	26
383021202333	27
383021202453	28
383021202597	29
383021202725	30
383021202889	31
383021203009	32
383021203121	33
383021203253	34
383021203393	35
383021203529	36
383021203673	37
383021203809	38
383021204097	39
383021204385	40
383021204513	41
383021204649	42
383021204801	43
383021204937	44
383021205085	45
383021205213	46
383021205357	47
383021205493	48
383021205673	49
383021205837	50
383021206121	51
383021206249	52
383021206397	53
383021206541	54
383021206693	55
383021206829	56
383021206969	57
383021207121	58
383021207265	59
383021210689	60
383021210837	61
383021210981	62
383021211421	63
383021211733	64
383021212037	65
383021213005	66
383021213177	67
383021213285	68
383021213425	69
383021213873	70
383021215001	71
383021215153	72
383021215309	73
383021215449	74
383021215597	75
383021215741	76
383021215885	77
383021216033	78
383021216205	79
383021216337	80
383021216629	81
383021216773	82
383021216909	83
383021217101	84
383021217193	85
383021217345	86
383021217485	87
383021217637	88
383021217773	89
383021217933	90
383021218069	91
383021219457	92
383021219557	93
383021219669	94
383021219769	95
383021219877	96
383021219973	97
383021220093	98
383021220213	99
383021220329	100
383021220433	101
383021220553	102
383021220661	103
383021220785	104
383021220917	105
383021221181	106
383021221309	107
383021221473	108
383021221785	109
383021222245	110
383021222401	111
383021222553	112
383021222709	113
383021224021	114
383021224385	115
383021224549	116
383021224873	117
383021226381	118
383021226521	119
383021226657	120
383021226777	121
383021226917	122
383021227021	123
383021227161	124
383021227305	125
383021227445	126
383021227613	127
383021227969	128
383021228113	129
383021228257	130
383021228393	131
383021228529	132
383021228669	133
383021228821	134
383021228973	135
383021229113	136
383021229253	137
383021229429	138
383021229597	139
383021229901	140
383021230049	141
383021230185	142
383021230473	143
383021230617	144
383021230769	145
383021230909	146
383021231053	147
383021231817	148
383021231961	149
383021232105	150
383021232249	151
383021232393	152
383021232545	153
383021232837	154
383021232985	155
383021233137	156
383021233305	157
383021233881	158
383021234025	159
383021234309	160
383021234441	161
383021234581	162
383021234725	163
383021234865	164
383021235009	165
383021235145	166
383021236237	167
383021236377	168
383021236517	169
383021236653	170
383021236797	171
383021236945	172
383021237081	173
383021237529	174
383021237669	175
383021237805	176
383021237957	177
383021238097	178
383021238225	179
383021238365	180
383021238505	181
383021238649	182
383021238801	183
383021238941	184
383021239585	185
383021239709	186
383021239845	187
383021239997	188
383021240125	189
383021240257	190
383021240401	191
383021259985	192
383021261441	193
383021265397	194
383021385329	195
383021385409	196
383021385501	197
383021388377	198
383021389321	199
383021389377	200
