    0:00.883      226     (    0    0    1
    0:00.945      242     N    0    0    0
    0:00.977      250     )    0    0    1
    0:01.887      483     (    0    0    0
    0:01.910      489     p    0    0    0
    0:01.934      495     )    0    0    0
    0:01.996      511     (    0    0    1
    0:02.031      520     N    0    0    0
    0:02.090      535     )    0    0    1
    0:02.977      762     (    0    0    0
    0:03.004      769     p    0    0    0
    0:03.031      776     )    0    0    0
    0:03.086      790     (    0    0    1
    0:03.148      806     N    0    0    0
    0:03.184      815     )    0    0    1
    0:03.395      869     (    0    0    2
    0:03.465      887     t    0    0    1
    0:03.523      902     )    0    0    2
    0:04.074     1043     (    0    0    0
    0:04.094     1048     p    0    0    0
    0:04.121     1055     )    0    0    0
    0:04.184     1071     (    0    0    1
    0:04.215     1079     N    0    0    0
    0:04.277     1095     )    0    0    1
    0:05.176     1325     (    0    0    0
    0:05.195     1330     p    0    0    0
    0:05.223     1337     )    0    0    0
    0:05.277     1351     (    0    0    1
    0:05.313     1360     N    0    0    0
    0:05.375     1376     )    0    0    1
    0:06.332     1621     (    0    0    1
    0:06.367     1630     N    0    0    0
    0:06.426     1645     )    0    0    1
    0:07.305     1870     (    0    0    0
    0:07.328     1876     p    0    0    0
    0:07.352     1882     )    0    0    0
    0:07.410     1897     (    0    0    1
    0:07.445     1906     N    0    0    0
    0:07.504     1921     )    0    0    1
    0:08.430     2158     (    0    0    1
    0:08.492     2174     N    0    0    0
    0:08.531     2184     )    0    0    1
    0:08.738     2237     (    0    0    2
    0:08.813     2256     t    0    0    1
    0:08.938     2288     )    0    0    2
    0:09.238     2365     (    0    0    0
    0:09.262     2371     p    0    0    0
    0:09.285     2377     )    0    0    0
    0:09.336     2390     (    0    0    1
    0:09.371     2399     N    0    0    0
    0:09.434     2415     )    0    0    1
    0:10.277     2631     (    0    0    0
    0:10.301     2637     p    0    0    0
    0:10.324     2643     )    0    0    0
    0:10.363     2653     (    0    0    1
    0:10.398     2662     N    0    0    0
    0:10.461     2678     )    0    0    1
    0:11.285     2889     (    0    0    1
    0:11.352     2906     N    0    0    0
    0:11.391     2916     )    0    0    1
    0:12.363     3165     (    0    0    0
    0:12.387     3171     p    0    0    0
    0:12.410     3177     )    0    0    0
    0:12.469     3192     (    0    0    1
    0:12.504     3201     N    0    0    0
    0:12.563     3216     )    0    0    1
    0:13.414     3434     (    0    0    0
    0:13.438     3440     p    0    0    0
    0:13.461     3446     )    0    0    0
    0:13.523     3462     (    0    0    1
    0:13.586     3478     N    0    0    0
    0:13.621     3487     )    0    0    1
    0:13.832     3541     (    0    0    2
    0:13.902     3559     t    0    0    1
    0:14.016     3588     )    0    0    2
    0:14.594     3736     (    0    0    1
    0:14.629     3745     N    0    0    0
    0:14.691     3761     )    0    0    1
    0:15.504     3969     (    0    0    1
    0:15.539     3978     N    0    0    0
    0:15.602     3994     )    0    0    1
    0:16.566     4241     (    0    0    1
    0:16.602     4250     N    0    0    0
    0:16.664     4266     )    0    0    1
    0:17.355     4443     (    0    0    0
    0:17.375     4448     p    0    0    0
    0:17.402     4455     )    0    0    0
    0:17.445     4466     (    0    0    1
    0:17.508     4482     N    0    0    0
    0:17.543     4491     )    0    0    1
    0:18.262     4675     (    0    0    0
    0:18.281     4680     p    0    0    0
    0:18.305     4686     )    0    0    0
    0:18.352     4698     (    0    0    1
    0:18.383     4706     N    0    0    0
    0:18.441     4721     )    0    0    1
    0:19.191     4913     (    0    0    0
    0:19.215     4919     p    0    0    0
    0:19.242     4926     )    0    0    0
    0:19.281     4936     (    0    0    1
    0:19.344     4952     N    0    0    0
    0:19.383     4962     )    0    0    1
    0:19.594     5016     (    0    0    2
    0:19.664     5034     t    0    0    1
    0:19.707     5045     )    0    0    2
    0:20.102     5146     (    0    0    1
    0:20.164     5162     N    0    0    0
    0:20.203     5172     )    0    0    1
    0:21.016     5380     (    0    0    0
    0:21.039     5386     p    0    0    0
    0:21.063     5392     )    0    0    0
    0:21.105     5403     (    0    0    1
    0:21.137     5411     N    0    0    0
    0:21.195     5426     )    0    0    1
