   n  posicion pa  intervalo  valor    posicion mw  intervalo   valor       retar  n    posi-qrs  paciente = filebuf

   frecuencia de muestreo = 256

     1          235            285        9.757           252            285       10.000           17        1           242
     2          520            279       11.737           537            279       10.816           17        2           520
     3          799            281        9.597           816            280       10.275           17        3           806
     4         1080            280       10.919          1096            281       10.834           16        4          1079
     5         1360            270       10.607          1377            270       10.541           17        5          1360
     6         1630            276       10.533          1647            276       10.554           17        6          1630
     7         1906            261       12.201          1923            261       10.787           17        7          1906
     8         2167            232       10.104          2184            232       10.266           17        8          2174
     9         2399            263       10.537          2416            263       10.303           17        9          2399
    10         2662            237       10.441          2679            237       10.289           17       10          2662
    11         2899            302        9.899          2916            302       10.951           17       11          2906
    12         3201            270       12.821          3218            270       11.685           17       12          3201
    13         3471            274       10.277          3488            274       11.028           17       13          3478
    14         3745            233       10.774          3762            233       10.664           17       14          3745
    15         3978            272       10.726          3995            272       10.327           17       15          3978
    16         4250            226       10.368          4267            226       10.121           17       16          4250
    17         4476            231        8.908          4493            230        9.912           17       17          4482
    18         4707            239       10.191          4723            240       10.831           16       18          4706
    19         4946            209        9.451          4963            209        9.742           17       19          4952
    20         5155            256       10.277          5172            256       11.285           17       20          5162
    21         5411            281       12.347          5428            281       11.147           17       21          5411
    22         5692          -5692       10.004          5709          -5709       10.255           17       22          5691
 RMAX =       1.000   Factor d'escala senyal
 PA_RMAX =    3276.507   Factor d'escala senyal    passa_alt
 PB_RMAX =     118.893   Factor d'escala senyal    passa_baix
